0.342467	0.872067	1.24846	1.47078	1.53368	1.42814	1.15463	0.78365	0.585713	0.508635	0.508636	0.585715	0.783654	1.15464	1.42814	1.53369	1.47078	1.24846	0.872069	0.342468	
0.342467	0.872067	1.24846	1.47078	1.53368	1.42814	1.15463	0.78365	0.585713	0.508635	0.508636	0.585715	0.783654	1.15464	1.42814	1.53368	1.47078	1.24846	0.872069	0.342468	
0.313668	0.810563	1.17851	1.41781	1.52634	1.50032	1.34168	1.08947	0.89118	0.787267	0.787374	0.891484	1.08984	1.34186	1.50037	1.52635	1.41782	1.17853	0.810578	0.313671	
0.313668	0.810563	1.17851	1.41781	1.52634	1.50032	1.34168	1.08947	0.89118	0.787267	0.787374	0.891484	1.08984	1.34186	1.50037	1.52635	1.41782	1.17853	0.810578	0.313671	
0.300926	0.783269	1.14685	1.39233	1.51933	1.52742	1.42199	1.23336	1.05655	0.950568	0.950657	1.05681	1.23372	1.42223	1.52756	1.51941	1.39239	1.14689	0.783298	0.300936	
0.300926	0.783269	1.14685	1.39233	1.51933	1.52742	1.42199	1.23336	1.05655	0.950568	0.950657	1.05681	1.23372	1.42223	1.52756	1.51941	1.39239	1.14689	0.783298	0.300936	
0.29501	0.770587	1.13197	1.37997	1.51505	1.53866	1.45848	1.30184	1.13877	1.03414	1.03419	1.13895	1.30216	1.45878	1.53888	1.5152	1.38007	1.13203	0.770622	0.295024	
0.29501	0.770587	1.13197	1.37997	1.51505	1.53866	1.45848	1.30184	1.13877	1.03414	1.03419	1.13895	1.30216	1.45878	1.53888	1.5152	1.38007	1.13203	0.770622	0.295024	
0.292247	0.764659	1.12498	1.37407	1.51281	1.54359	1.47534	1.33423	1.17839	1.07486	1.07489	1.17853	1.33453	1.47569	1.54388	1.513	1.37419	1.12505	0.764695	0.292262	
0.292247	0.764659	1.12498	1.37407	1.51281	1.54359	1.47534	1.33423	1.17839	1.07486	1.07489	1.17853	1.33453	1.47569	1.54388	1.513	1.37419	1.12505	0.764695	0.292262	
0.290955	0.761886	1.1217	1.37128	1.51171	1.54583	1.48319	1.34948	1.1972	1.09429	1.09431	1.19732	1.34978	1.48357	1.54615	1.51192	1.37141	1.12177	0.76192	0.290969	
0.290955	0.761886	1.1217	1.37128	1.51171	1.54583	1.48319	1.34948	1.1972	1.09429	1.09431	1.19732	1.34978	1.48357	1.54615	1.51192	1.37141	1.12177	0.76192	0.290969	
0.29035	0.760588	1.12016	1.36997	1.51118	1.54686	1.48685	1.35664	1.20607	1.10347	1.10348	1.20618	1.35694	1.48725	1.5472	1.51141	1.3701	1.12023	0.760621	0.290364	
0.29035	0.760588	1.12016	1.36997	1.51118	1.54686	1.48685	1.35664	1.20607	1.10347	1.10348	1.20618	1.35694	1.48725	1.5472	1.51141	1.3701	1.12023	0.760621	0.290364	
0.290068	0.759982	1.11945	1.36935	1.51093	1.54733	1.48856	1.36	1.21023	1.10779	1.1078	1.21034	1.3603	1.48898	1.54769	1.51116	1.36949	1.11951	0.760013	0.290081	
0.290068	0.759982	1.11945	1.36935	1.51093	1.54733	1.48856	1.36	1.21023	1.10779	1.1078	1.21034	1.3603	1.48898	1.54769	1.51116	1.36949	1.11951	0.760013	0.290081	
0.289936	0.759699	1.11911	1.36907	1.51081	1.54756	1.48936	1.36156	1.21218	1.10981	1.10982	1.21228	1.36187	1.48978	1.54792	1.51105	1.3692	1.11918	0.759729	0.289949	
0.289936	0.759699	1.11911	1.36907	1.51081	1.54756	1.48936	1.36156	1.21218	1.10981	1.10982	1.21228	1.36187	1.48978	1.54792	1.51105	1.3692	1.11918	0.759729	0.289949	
0.289875	0.759567	1.11895	1.36893	1.51076	1.54766	1.48973	1.3623	1.21309	1.11076	1.11076	1.21319	1.3626	1.49016	1.54802	1.51099	1.36907	1.11902	0.759597	0.289887	
0.289875	0.759567	1.11895	1.36893	1.51076	1.54766	1.48973	1.3623	1.21309	1.11076	1.11076	1.21319	1.3626	1.49016	1.54802	1.51099	1.36907	1.11902	0.759597	0.289887	
0.289846	0.759505	1.11888	1.36887	1.51073	1.54771	1.48991	1.36264	1.21352	1.1112	1.1112	1.21362	1.36295	1.49033	1.54807	1.51097	1.369	1.11894	0.759535	0.289859	
0.289846	0.759505	1.11888	1.36887	1.51073	1.54771	1.48991	1.36264	1.21352	1.1112	1.1112	1.21362	1.36295	1.49033	1.54807	1.51097	1.369	1.11894	0.759535	0.289859	
0.289833	0.759477	1.11885	1.36884	1.51072	1.54773	1.48999	1.3628	1.21372	1.1114	1.11141	1.21382	1.3631	1.49041	1.54809	1.51096	1.36897	1.11891	0.759506	0.289845	
0.289833	0.759477	1.11885	1.36884	1.51072	1.54773	1.48999	1.3628	1.21372	1.1114	1.11141	1.21382	1.3631	1.49041	1.54809	1.51096	1.36897	1.11891	0.759506	0.289845	
0.289827	0.759463	1.11883	1.36883	1.51071	1.54774	1.49003	1.36287	1.21381	1.1115	1.11151	1.21391	1.36318	1.49045	1.54811	1.51095	1.36896	1.11889	0.759492	0.289839	
0.289827	0.759463	1.11883	1.36883	1.51071	1.54774	1.49003	1.36287	1.21381	1.1115	1.11151	1.21391	1.36318	1.49045	1.54811	1.51095	1.36896	1.11889	0.759492	0.289839	
0.289824	0.759457	1.11882	1.36882	1.51071	1.54775	1.49004	1.36291	1.21385	1.11154	1.11155	1.21395	1.36321	1.49047	1.54811	1.51095	1.36895	1.11889	0.759486	0.289836	
0.289824	0.759457	1.11882	1.36882	1.51071	1.54775	1.49004	1.36291	1.21385	1.11154	1.11155	1.21395	1.36321	1.49047	1.54811	1.51095	1.36895	1.11889	0.759486	0.289836	
0.289822	0.759454	1.11882	1.36882	1.51071	1.54775	1.49005	1.36292	1.21387	1.11156	1.11157	1.21397	1.36323	1.49048	1.54811	1.51095	1.36895	1.11888	0.759483	0.289835	
0.289822	0.759454	1.11882	1.36882	1.51071	1.54775	1.49005	1.36292	1.21387	1.11156	1.11157	1.21397	1.36323	1.49048	1.54811	1.51095	1.36895	1.11888	0.759483	0.289835	
0.289822	0.759453	1.11882	1.36882	1.51071	1.54775	1.49005	1.36293	1.21388	1.11157	1.11158	1.21398	1.36324	1.49048	1.54811	1.51095	1.36895	1.11888	0.759482	0.289834	
0.289822	0.759453	1.11882	1.36882	1.51071	1.54775	1.49005	1.36293	1.21388	1.11157	1.11158	1.21398	1.36324	1.49048	1.54811	1.51095	1.36895	1.11888	0.759482	0.289834	
0.289822	0.759452	1.11882	1.36882	1.51071	1.54775	1.49006	1.36293	1.21389	1.11158	1.11158	1.21399	1.36324	1.49048	1.54811	1.51095	1.36895	1.11888	0.759481	0.289834	
0.289822	0.759452	1.11882	1.36882	1.51071	1.54775	1.49006	1.36293	1.21389	1.11158	1.11158	1.21399	1.36324	1.49048	1.54811	1.51095	1.36895	1.11888	0.759481	0.289834	
0.289821	0.759452	1.11882	1.36882	1.51071	1.54775	1.49006	1.36293	1.21389	1.11158	1.11159	1.21399	1.36324	1.49048	1.54811	1.51095	1.36895	1.11888	0.759481	0.289834	
0.289821	0.759452	1.11882	1.36882	1.51071	1.54775	1.49006	1.36293	1.21389	1.11158	1.11159	1.21399	1.36324	1.49048	1.54811	1.51095	1.36895	1.11888	0.759481	0.289834	
0.289821	0.759452	1.11882	1.36882	1.51071	1.54775	1.49006	1.36293	1.21389	1.11158	1.11159	1.21399	1.36324	1.49049	1.54811	1.51095	1.36895	1.11888	0.759481	0.289834	
0.289821	0.759452	1.11882	1.36882	1.51071	1.54775	1.49006	1.36293	1.21389	1.11158	1.11159	1.21399	1.36324	1.49049	1.54811	1.51095	1.36895	1.11888	0.759481	0.289834	
0.289821	0.759452	1.11882	1.36882	1.51071	1.54775	1.49006	1.36293	1.21389	1.11158	1.11159	1.21399	1.36324	1.49049	1.54812	1.51095	1.36895	1.11888	0.759481	0.289834	
0.289821	0.759452	1.11882	1.36882	1.51071	1.54775	1.49006	1.36293	1.21389	1.11158	1.11159	1.21399	1.36324	1.49049	1.54812	1.51095	1.36895	1.11888	0.759481	0.289834	
