0.342467	0.872067	1.24846	1.47078	1.53368	1.42814	1.15463	0.78365	0.585713	0.508635	0.508636	0.585715	0.783654	1.15464	1.42814	1.53369	1.47078	1.24846	0.872069	0.342468	
0.342467	0.872067	1.24846	1.47078	1.53368	1.42814	1.15463	0.78365	0.585713	0.508635	0.508636	0.585715	0.783654	1.15464	1.42814	1.53368	1.47078	1.24846	0.872069	0.342468	
0.312008	0.8064	1.17429	1.41663	1.53106	1.51219	1.35908	1.11062	0.928834	0.838081	0.838215	0.929191	1.11104	1.35928	1.51226	1.53109	1.41667	1.17433	0.806432	0.312018	
0.31207	0.806535	1.17445	1.41675	1.53107	1.51202	1.35867	1.10995	0.928113	0.837375	0.837508	0.928469	1.11037	1.35887	1.51209	1.5311	1.41678	1.17449	0.806567	0.31208	
0.306519	0.794398	1.16053	1.40625	1.52976	1.52638	1.39538	1.17233	1.00583	0.921494	0.921631	1.0062	1.17275	1.3956	1.52646	1.52981	1.40631	1.16059	0.794441	0.306534	
0.260249	0.693614	1.04527	1.31953	1.51918	1.64531	1.69864	1.68671	1.64519	1.61248	1.61265	1.64563	1.68724	1.69896	1.64552	1.51937	1.31973	1.04546	0.693759	0.26031	
0.243507	0.657033	1.00323	1.28744	1.51399	1.68591	1.80504	1.87371	1.90145	1.90841	1.90849	1.90168	1.87399	1.80527	1.68613	1.51423	1.2877	1.00346	0.657217	0.243588	
0.241415	0.652327	0.997552	1.28257	1.51189	1.68891	1.81641	1.8994	1.95265	1.97877	1.97879	1.9527	1.89949	1.81654	1.6891	1.51212	1.28282	0.997783	0.652505	0.241495	
0.238754	0.646581	0.990945	1.27744	1.51086	1.69501	1.83295	1.92843	1.98974	2.0198	2.01981	1.98976	1.92848	1.83307	1.69519	1.51107	1.27767	0.991153	0.64674	0.238825	
0.236418	0.641548	0.98514	1.27289	1.50983	1.70019	1.84733	1.95388	2.02241	2.05601	2.056	2.0224	1.9539	1.84743	1.70036	1.51002	1.27309	0.985325	0.641689	0.23648	
0.235623	0.639855	0.983129	1.27114	1.50907	1.7014	1.8518	1.96275	2.03451	2.06979	2.06978	2.03449	1.96275	1.85188	1.70152	1.50921	1.27129	0.983256	0.639949	0.235665	
0.236511	0.641792	0.98528	1.2726	1.50887	1.69861	1.84568	1.95328	2.02345	2.05813	2.05812	2.02344	1.95329	1.84575	1.6987	1.50897	1.2727	0.985365	0.641854	0.236538	
0.236322	0.641387	0.984811	1.27222	1.50877	1.69901	1.84685	1.9554	2.02622	2.06121	2.06121	2.02621	1.9554	1.84689	1.69906	1.50883	1.27228	0.984857	0.64142	0.236336	
0.236312	0.641368	0.984789	1.2722	1.50876	1.69903	1.84691	1.95549	2.02633	2.06133	2.06133	2.02633	1.9555	1.84694	1.69908	1.50882	1.27226	0.984835	0.641401	0.236327	
0.23631	0.641363	0.984786	1.27221	1.50878	1.69906	1.84695	1.95555	2.02639	2.0614	2.06139	2.02638	1.95554	1.84697	1.69909	1.50881	1.27224	0.984815	0.641384	0.236319	
0.236312	0.641368	0.984794	1.27222	1.50879	1.69907	1.84696	1.95554	2.02638	2.06138	2.06137	2.02637	1.95553	1.84696	1.69908	1.50881	1.27224	0.984813	0.641383	0.236319	
0.236314	0.641372	0.984798	1.27222	1.50879	1.69907	1.84696	1.95554	2.02637	2.06136	2.06136	2.02635	1.95552	1.84695	1.69908	1.50881	1.27224	0.984814	0.641384	0.236319	
0.236316	0.641376	0.984804	1.27223	1.5088	1.69908	1.84696	1.95553	2.02636	2.06135	2.06134	2.02633	1.9555	1.84694	1.69907	1.5088	1.27224	0.984814	0.641385	0.23632	
0.236316	0.641378	0.984807	1.27223	1.5088	1.69908	1.84696	1.95553	2.02636	2.06135	2.06133	2.02633	1.9555	1.84694	1.69907	1.5088	1.27224	0.984812	0.641384	0.236319	
0.236316	0.641378	0.984807	1.27223	1.50881	1.69909	1.84697	1.95555	2.02638	2.06137	2.06135	2.02634	1.95551	1.84694	1.69907	1.5088	1.27223	0.984807	0.641379	0.236317	
0.236316	0.641379	0.984808	1.27224	1.50881	1.69909	1.84697	1.95555	2.02638	2.06137	2.06135	2.02634	1.95551	1.84694	1.69907	1.5088	1.27223	0.984806	0.641379	0.236317	
0.236317	0.641381	0.984811	1.27224	1.50881	1.69909	1.84697	1.95554	2.02637	2.06136	2.06134	2.02633	1.9555	1.84693	1.69906	1.5088	1.27223	0.984807	0.64138	0.236318	
0.236317	0.641381	0.984811	1.27224	1.50881	1.69909	1.84697	1.95555	2.02637	2.06136	2.06135	2.02634	1.9555	1.84693	1.69906	1.5088	1.27223	0.984807	0.641379	0.236317	
0.236317	0.641381	0.984811	1.27224	1.50881	1.69909	1.84697	1.95555	2.02637	2.06136	2.06135	2.02634	1.9555	1.84693	1.69906	1.5088	1.27223	0.984806	0.641379	0.236317	
0.236317	0.641381	0.984811	1.27224	1.50881	1.69909	1.84697	1.95555	2.02637	2.06136	2.06135	2.02634	1.9555	1.84693	1.69906	1.5088	1.27223	0.984806	0.641379	0.236317	
0.236317	0.641381	0.984811	1.27224	1.50881	1.69909	1.84697	1.95555	2.02637	2.06136	2.06135	2.02634	1.9555	1.84693	1.69906	1.5088	1.27223	0.984806	0.641379	0.236317	
0.236317	0.641381	0.984811	1.27224	1.50881	1.69909	1.84697	1.95555	2.02637	2.06136	2.06135	2.02634	1.9555	1.84693	1.69906	1.5088	1.27223	0.984806	0.641379	0.236317	
0.236317	0.641381	0.984811	1.27224	1.50881	1.69909	1.84697	1.95555	2.02637	2.06136	2.06135	2.02634	1.9555	1.84693	1.69906	1.5088	1.27223	0.984806	0.641379	0.236317	
0.236317	0.641381	0.984811	1.27224	1.50881	1.69909	1.84697	1.95555	2.02637	2.06136	2.06135	2.02634	1.9555	1.84693	1.69906	1.5088	1.27223	0.984806	0.641379	0.236317	
0.236317	0.641381	0.984811	1.27224	1.50881	1.69909	1.84697	1.95555	2.02637	2.06136	2.06135	2.02634	1.9555	1.84693	1.69906	1.5088	1.27223	0.984806	0.641379	0.236317	
0.236317	0.641381	0.984811	1.27224	1.50881	1.69909	1.84697	1.95555	2.02637	2.06136	2.06135	2.02634	1.9555	1.84693	1.69906	1.5088	1.27223	0.984806	0.641379	0.236317	
0.236317	0.641381	0.984811	1.27224	1.50881	1.69909	1.84697	1.95555	2.02637	2.06136	2.06135	2.02634	1.9555	1.84693	1.69906	1.5088	1.27223	0.984806	0.641379	0.236317	
0.236317	0.641381	0.984811	1.27224	1.50881	1.69909	1.84697	1.95555	2.02637	2.06136	2.06135	2.02634	1.9555	1.84693	1.69906	1.5088	1.27223	0.984806	0.641379	0.236317	
0.236317	0.641381	0.984811	1.27224	1.50881	1.69909	1.84697	1.95555	2.02637	2.06136	2.06135	2.02634	1.9555	1.84693	1.69906	1.5088	1.27223	0.984806	0.641379	0.236317	
0.236317	0.641381	0.984811	1.27224	1.50881	1.69909	1.84697	1.95555	2.02637	2.06136	2.06135	2.02634	1.9555	1.84693	1.69906	1.5088	1.27223	0.984806	0.641379	0.236317	
0.236317	0.641381	0.984811	1.27224	1.50881	1.69909	1.84697	1.95555	2.02637	2.06136	2.06135	2.02634	1.9555	1.84693	1.69906	1.5088	1.27223	0.984806	0.641379	0.236317	
0.236317	0.641381	0.984811	1.27224	1.50881	1.69909	1.84697	1.95555	2.02637	2.06136	2.06135	2.02634	1.9555	1.84693	1.69906	1.5088	1.27223	0.984806	0.641379	0.236317	
0.236317	0.641381	0.984811	1.27224	1.50881	1.69909	1.84697	1.95555	2.02637	2.06136	2.06135	2.02634	1.9555	1.84693	1.69906	1.5088	1.27223	0.984806	0.641379	0.236317	
0.236317	0.641381	0.984811	1.27224	1.50881	1.69909	1.84697	1.95555	2.02637	2.06136	2.06135	2.02634	1.9555	1.84693	1.69906	1.5088	1.27223	0.984806	0.641379	0.236317	
