 0.342467 0.342467 0.310376 0.310376 0.290765 0.290765 0.276585 0.276585 0.266073 0.266073 0.258259 0.258259 0.252461 0.252461 0.24817 0.24817 0.245002 0.245002 0.242669 0.242669 0.240955 0.240955 0.239699 0.239699 0.23878 0.23878 0.238108 0.238108 0.237619 0.237619 0.237262 0.237262 0.237002 0.237002 0.236814 0.236814 0.236677 0.236677 0.236578
 0.872067 0.872067 0.802889 0.802889 0.760012 0.760012 0.72901 0.72901 0.706064 0.706064 0.689036 0.689036 0.676418 0.676418 0.667089 0.667089 0.660209 0.660209 0.655146 0.655146 0.651428 0.651428 0.648704 0.648704 0.646712 0.646712 0.645257 0.645257 0.644197 0.644197 0.643424 0.643424 0.642863 0.642863 0.642455 0.642455 0.642158 0.642158 0.641943
 1.24846 1.24846 1.17033 1.17033 1.12116 1.12116 1.08556 1.08556 1.0592 1.0592 1.03964 1.03964 1.02514 1.02514 1.01442 1.01442 1.0065 1.0065 1.00067 1.00067 0.996394 0.996394 0.993256 0.993256 0.990961 0.990961 0.989284 0.989284 0.988061 0.988061 0.98717 0.98717 0.986522 0.986522 0.986051 0.986051 0.985709 0.985709 0.985461
 1.47078 1.47078 1.41374 1.41374 1.37659 1.37659 1.34955 1.34955 1.32947 1.32947 1.31452 1.31452 1.30341 1.30341 1.29517 1.29517 1.28907 1.28907 1.28457 1.28457 1.28126 1.28126 1.27882 1.27882 1.27704 1.27704 1.27573 1.27573 1.27478 1.27478 1.27408 1.27408 1.27358 1.27358 1.27321 1.27321 1.27294 1.27294 1.27275
 1.53368 1.53368 1.53092 1.53092 1.52609 1.52609 1.52215 1.52215 1.51905 1.51905 1.51662 1.51662 1.51474 1.51474 1.51328 1.51328 1.51217 1.51217 1.51132 1.51132 1.51068 1.51068 1.51019 1.51019 1.50983 1.50983 1.50956 1.50956 1.50936 1.50936 1.50921 1.50921 1.50911 1.50911 1.50903 1.50903 1.50897 1.50897 1.50893
 1.42814 1.42814 1.51667 1.51667 1.56701 1.56701 1.60246 1.60246 1.62835 1.62835 1.64736 1.64736 1.66132 1.66132 1.67154 1.67154 1.67903 1.67903 1.68449 1.68449 1.68848 1.68848 1.69138 1.69138 1.6935 1.6935 1.69503 1.69503 1.69615 1.69615 1.69696 1.69696 1.69755 1.69755 1.69798 1.69798 1.69828 1.69828 1.69851
 1.15463 1.15463 1.36998 1.36998 1.49916 1.49916 1.5911 1.5911 1.65867 1.65867 1.70858 1.70858 1.74543 1.74543 1.7726 1.7726 1.79258 1.79258 1.80725 1.80725 1.81801 1.81801 1.82588 1.82588 1.83163 1.83163 1.83582 1.83582 1.83887 1.83887 1.8411 1.8411 1.84271 1.84271 1.84388 1.84388 1.84474 1.84474 1.84535
 0.78365 0.78365 1.12805 1.12805 1.34851 1.34851 1.50755 1.50755 1.62499 1.62499 1.71202 1.71202 1.77647 1.77647 1.82411 1.82411 1.85925 1.85925 1.88511 1.88511 1.90411 1.90411 1.91803 1.91803 1.92822 1.92822 1.93567 1.93567 1.9411 1.9411 1.94506 1.94506 1.94794 1.94794 1.95003 1.95003 1.95155 1.95155 1.95265
 0.585713 0.585713 0.947063 0.947063 1.22503 1.22503 1.43316 1.43316 1.58811 1.58811 1.70321 1.70321 1.78855 1.78855 1.8517 1.8517 1.89831 1.89831 1.93265 1.93265 1.9579 1.9579 1.97641 1.97641 1.98997 1.98997 1.99988 1.99988 2.00711 2.00711 2.01238 2.01238 2.01622 2.01622 2.01901 2.01901 2.02104 2.02104 2.02251
 0.508635 0.508635 0.855546 0.855546 1.15853 1.15853 1.39174 1.39174 1.56633 1.56633 1.69621 1.69621 1.79257 1.79257 1.86389 1.86389 1.91656 1.91656 1.95537 1.95537 1.9839 1.9839 2.00484 2.00484 2.02017 2.02017 2.03138 2.03138 2.03956 2.03956 2.04553 2.04553 2.04987 2.04987 2.05303 2.05303 2.05532 2.05532 2.05699
 0.508636 0.508636 0.855686 0.855686 1.15867 1.15867 1.39185 1.39185 1.56641 1.56641 1.69627 1.69627 1.79261 1.79261 1.86392 1.86392 1.91658 1.91658 1.95538 1.95538 1.98391 1.98391 2.00484 2.00484 2.02017 2.02017 2.03138 2.03138 2.03956 2.03956 2.04552 2.04552 2.04986 2.04986 2.05302 2.05302 2.05531 2.05531 2.05697
 0.585715 0.585715 0.947439 0.947439 1.22542 1.22542 1.43347 1.43347 1.58833 1.58833 1.70337 1.70337 1.78867 1.78867 1.85178 1.85178 1.89837 1.89837 1.93269 1.93269 1.95792 1.95792 1.97642 1.97642 1.98997 1.98997 1.99987 1.99987 2.0071 2.0071 2.01236 2.01236 2.0162 2.0162 2.01898 2.01898 2.02101 2.02101 2.02248
 0.783654 0.783654 1.12849 1.12849 1.34898 1.34898 1.50792 1.50792 1.62527 1.62527 1.71224 1.71224 1.77663 1.77663 1.82423 1.82423 1.85934 1.85934 1.88517 1.88517 1.90415 1.90415 1.91806 1.91806 1.92823 1.92823 1.93567 1.93567 1.94109 1.94109 1.94504 1.94504 1.94791 1.94791 1.95 1.95 1.95151 1.95151 1.95261
 1.15464 1.15464 1.37019 1.37019 1.49941 1.49941 1.59132 1.59132 1.65886 1.65886 1.70875 1.70875 1.74557 1.74557 1.77272 1.77272 1.79268 1.79268 1.80733 1.80733 1.81807 1.81807 1.82592 1.82592 1.83165 1.83165 1.83583 1.83583 1.83887 1.83887 1.84109 1.84109 1.8427 1.8427 1.84386 1.84386 1.84471 1.84471 1.84533
 1.42814 1.42814 1.51674 1.51674 1.56713 1.56713 1.60261 1.60261 1.62851 1.62851 1.64752 1.64752 1.66146 1.66146 1.67167 1.67167 1.67914 1.67914 1.68458 1.68458 1.68855 1.68855 1.69144 1.69144 1.69354 1.69354 1.69506 1.69506 1.69617 1.69617 1.69697 1.69697 1.69755 1.69755 1.69797 1.69797 1.69827 1.69827 1.69849
 1.53369 1.53368 1.53095 1.53095 1.52619 1.52619 1.52229 1.52229 1.51921 1.51921 1.51679 1.51679 1.5149 1.5149 1.51343 1.51343 1.51229 1.51229 1.51142 1.51142 1.51076 1.51076 1.51026 1.51026 1.50988 1.50988 1.5096 1.5096 1.50939 1.50939 1.50923 1.50923 1.50911 1.50911 1.50903 1.50903 1.50897 1.50897 1.50892
 1.47078 1.47078 1.41378 1.41378 1.37669 1.37669 1.34969 1.34969 1.32964 1.32964 1.3147 1.3147 1.30358 1.30358 1.29532 1.29532 1.2892 1.2892 1.28468 1.28468 1.28134 1.28134 1.27889 1.27889 1.27709 1.27709 1.27577 1.27577 1.27481 1.27481 1.2741 1.2741 1.27359 1.27359 1.27322 1.27322 1.27295 1.27295 1.27275
 1.24846 1.24846 1.17037 1.17037 1.12126 1.12126 1.0857 1.0857 1.05936 1.05936 1.0398 1.0398 1.02529 1.02529 1.01455 1.01455 1.00662 1.00662 1.00077 1.00077 0.996473 0.996473 0.993319 0.993319 0.991009 0.991009 0.989321 0.989321 0.988089 0.988089 0.98719 0.98719 0.986537 0.986537 0.986061 0.986061 0.985715 0.985715 0.985465
 0.872069 0.872069 0.802922 0.802922 0.760089 0.760089 0.729118 0.729118 0.706188 0.706188 0.689161 0.689161 0.676535 0.676535 0.667193 0.667193 0.660297 0.660297 0.655219 0.655219 0.651488 0.651488 0.648752 0.648752 0.646749 0.646749 0.645286 0.645286 0.644219 0.644219 0.643441 0.643441 0.642875 0.642875 0.642464 0.642464 0.642165 0.642165 0.641948
 0.342468 0.342468 0.310386 0.310386 0.290796 0.290796 0.276631 0.276631 0.266126 0.266126 0.258313 0.258313 0.252512 0.252512 0.248215 0.248215 0.245041 0.245041 0.242701 0.242701 0.240982 0.240982 0.23972 0.23972 0.238796 0.238796 0.238121 0.238121 0.237629 0.237629 0.23727 0.23727 0.237008 0.237008 0.236818 0.236818 0.23668 0.23668 0.23658
