0.106088 0.230558 0.263493 0.19839 0.02478 0.27087 0.69189 1.17083 1.439477 1.551525 1.551524 1.439475 1.170826 0.69188 0.27087 0.02479 0.19839 0.263493 0.23056 0.106089
0.106088 0.230558 0.263493 0.19839 0.02478 0.27087 0.69189 1.17083 1.439477 1.551525 1.551524 1.439475 1.170826 0.69188 0.27087 0.02478 0.19839 0.263493 0.23056 0.106089
0.073997 0.16138 0.185363 0.14135 0.02202 0.18234 0.47654 0.82643 1.078127 1.204614 1.204474 1.077751 0.82599 0.47633 0.18227 0.02205 0.14139 0.185403 0.161413 0.074007
0.073997 0.16138 0.185363 0.14135 0.02202 0.18234 0.47654 0.82643 1.078127 1.204614 1.204474 1.077751 0.82599 0.47633 0.18227 0.02205 0.14139 0.185403 0.161413 0.074007
0.054386 0.118503 0.136193 0.1042 0.01719 0.132 0.34736 0.60597 0.80016 0.90163 0.90149 0.79977 0.6055 0.34711 0.13188 0.01729 0.1043 0.136293 0.11858 0.054417
0.054386 0.118503 0.136193 0.1042 0.01719 0.132 0.34736 0.60597 0.80016 0.90163 0.90149 0.79977 0.6055 0.34711 0.13188 0.01729 0.1043 0.136293 0.11858 0.054417
0.040206 0.087501 0.100593 0.07716 0.01325 0.09655 0.25542 0.44693 0.59203 0.66842 0.66831 0.59172 0.44656 0.2552 0.0964 0.01339 0.0773 0.100733 0.087609 0.040252
0.040206 0.087501 0.100593 0.07716 0.01325 0.09655 0.25542 0.44693 0.59203 0.66842 0.66831 0.59172 0.44656 0.2552 0.0964 0.01339 0.0773 0.100733 0.087609 0.040252
0.029694 0.064555 0.074233 0.05708 0.01015 0.07066 0.18785 0.32949 0.43708 0.49383 0.49375 0.43686 0.32921 0.18766 0.0705 0.01031 0.05725 0.074393 0.064679 0.029747
0.029694 0.064555 0.074233 0.05708 0.01015 0.07066 0.18785 0.32949 0.43708 0.49383 0.49375 0.43686 0.32921 0.18766 0.0705 0.01031 0.05725 0.074393 0.064679 0.029747
0.02188 0.047527 0.054673 0.04213 0.00772 0.05165 0.13794 0.24246 0.32198 0.36395 0.36389 0.32182 0.24224 0.13777 0.05149 0.00789 0.04231 0.054833 0.047652 0.021934
0.02188 0.047527 0.054673 0.04213 0.00772 0.05165 0.13794 0.24246 0.32198 0.36395 0.36389 0.32182 0.24224 0.13777 0.05149 0.00789 0.04231 0.054833 0.047652 0.021934
0.016082 0.034909 0.040173 0.03102 0.00584 0.03769 0.10109 0.17801 0.23664 0.26759 0.26755 0.23652 0.17785 0.10095 0.03755 0.006 0.03119 0.040323 0.035026 0.016133
0.016082 0.034909 0.040173 0.03102 0.00584 0.03769 0.10109 0.17801 0.23664 0.26759 0.26755 0.23652 0.17785 0.10095 0.03755 0.006 0.03119 0.040323 0.035026 0.016133
0.011791 0.02558 0.029453 0.02278 0.00438 0.02747 0.07392 0.13037 0.17349 0.19627 0.19624 0.17341 0.13025 0.0738 0.02734 0.00453 0.02293 0.029583 0.025684 0.011836
0.011791 0.02558 0.029453 0.02278 0.00438 0.02747 0.07392 0.13037 0.17349 0.19627 0.19624 0.17341 0.13025 0.0738 0.02734 0.00453 0.02293 0.029583 0.025684 0.011836
0.008623 0.0187 0.021533 0.01668 0.00327 0.01998 0.05394 0.09523 0.12688 0.1436 0.14358 0.12682 0.09514 0.05384 0.01987 0.00339 0.01681 0.021653 0.018788 0.008662
0.008623 0.0187 0.021533 0.01668 0.00327 0.01998 0.05394 0.09523 0.12688 0.1436 0.14358 0.12682 0.09514 0.05384 0.01987 0.00339 0.01681 0.021653 0.018788 0.008662
0.00629 0.013637 0.015703 0.01218 0.00242 0.01452 0.03927 0.06937 0.09254 0.10479 0.10478 0.0925 0.06931 0.03919 0.01443 0.00252 0.01229 0.015803 0.01371 0.006322
0.00629 0.013637 0.015703 0.01218 0.00242 0.01452 0.03927 0.06937 0.09254 0.10479 0.10478 0.0925 0.06931 0.03919 0.01443 0.00252 0.01229 0.015803 0.01371 0.006322
0.004576 0.009919 0.011427 0.00887 0.00178 0.01053 0.02851 0.05037 0.06729 0.07626 0.07625 0.06727 0.05033 0.02845 0.01046 0.00186 0.00895 0.011506 0.009979 0.004603
0.004576 0.009919 0.011427 0.00887 0.00178 0.01053 0.02851 0.05037 0.06729 0.07626 0.07625 0.06727 0.05033 0.02845 0.01046 0.00186 0.00895 0.011506 0.009979 0.004603
0.00332 0.007195 0.008289 0.00643 0.00129 0.00763 0.02064 0.03645 0.04878 0.05532 0.05532 0.04877 0.03642 0.0206 0.00757 0.00136 0.0065 0.008352 0.007243 0.003341
0.00332 0.007195 0.008289 0.00643 0.00129 0.00763 0.02064 0.03645 0.04878 0.05532 0.05532 0.04877 0.03642 0.0206 0.00757 0.00136 0.0065 0.008352 0.007243 0.003341
0.002401 0.005203 0.005994 0.00465 0.00093 0.00551 0.01489 0.02626 0.03522 0.03999 0.03999 0.03522 0.02625 0.01487 0.00547 0.00098 0.0047 0.006042 0.00524 0.002417
0.002401 0.005203 0.005994 0.00465 0.00093 0.00551 0.01489 0.02626 0.03522 0.03999 0.03999 0.03522 0.02625 0.01487 0.00547 0.00098 0.0047 0.006042 0.00524 0.002417
0.001729 0.003748 0.004317 0.00334 0.00066 0.00398 0.0107 0.01881 0.02531 0.02878 0.02878 0.02532 0.01881 0.01069 0.00395 0.0007 0.00338 0.004354 0.003777 0.001742
0.001729 0.003748 0.004317 0.00334 0.00066 0.00398 0.0107 0.01881 0.02531 0.02878 0.02878 0.02532 0.01881 0.01069 0.00395 0.0007 0.00338 0.004354 0.003777 0.001742
0.00124 0.002688 0.003094 0.00239 0.00046 0.00286 0.00765 0.01338 0.01808 0.0206 0.0206 0.01809 0.01339 0.00765 0.00284 0.00049 0.00242 0.003122 0.00271 0.00125
0.00124 0.002688 0.003094 0.00239 0.00046 0.00286 0.00765 0.01338 0.01808 0.0206 0.0206 0.01809 0.01339 0.00765 0.00284 0.00049 0.00242 0.003122 0.00271 0.00125
0.000883 0.001915 0.002203 0.00169 0.00031 0.00205 0.00542 0.00942 0.01281 0.01463 0.01464 0.01283 0.00944 0.00543 0.00204 0.00033 0.00171 0.002223 0.001932 0.000891
0.000883 0.001915 0.002203 0.00169 0.00031 0.00205 0.00542 0.00942 0.01281 0.01463 0.01464 0.01283 0.00944 0.00543 0.00204 0.00033 0.00171 0.002223 0.001932 0.000891
0.000623 0.001354 0.001555 0.00119 0.00021 0.00146 0.00381 0.00654 0.00897 0.01029 0.0103 0.00899 0.00657 0.00382 0.00146 0.00021 0.0012 0.00157 0.001366 0.000629
0.000623 0.001354 0.001555 0.00119 0.00021 0.00146 0.00381 0.00654 0.00897 0.01029 0.0103 0.00899 0.00657 0.00382 0.00146 0.00021 0.0012 0.00157 0.001366 0.000629
0.000435 0.000946 0.001084 0.00082 0.00013 0.00103 0.00264 0.00445 0.00618 0.00713 0.00714 0.00621 0.00448 0.00266 0.00104 0.00013 0.00083 0.001094 0.000955 0.000439
0.000435 0.000946 0.001084 0.00082 0.00013 0.00103 0.00264 0.00445 0.00618 0.00713 0.00714 0.00621 0.00448 0.00266 0.00104 0.00013 0.00083 0.001094 0.000955 0.000439
0.000298 0.000649 0.000742 0.00055 7e-05 0.00073 0.00178 0.00293 0.00415 0.00484 0.00485 0.00418 0.00297 0.00181 0.00074 7e-05 0.00056 0.000748 0.000656 0.000301
0.000298 0.000649 0.000742 0.00055 7e-05 0.00073 0.00178 0.00293 0.00415 0.00484 0.00485 0.00418 0.00297 0.00181 0.00074 7e-05 0.00056 0.000748 0.000656 0.000301
0.000199 0.000434 0.000494 0.00036 3.00000000002e-05 0.0005 0.00117 0.00183 0.00268 0.00317 0.00319 0.00271 0.00187 0.00119 0.00052 2.00000000001e-05 0.00036 0.000498 0.000439 0.000201
