0.5947899 0.5947899
0.5947894 0.5947894
0.43516195 0.44322835
0.43516195 0.44354435
0.3217111 0.41167585
0.3217111 0.1490286
0.2377767 0.04718725
0.2377767 0.02910735
0.17544905 0.0140114
0.17544905 0.0011725
0.12918695 0.00405065
0.12918695 0.000726
0.0949068 0.00038985
0.0949068 0.0004384
0.06955535 0.00046365
0.06955535 0.00046365
0.05084945 0.00046365
0.05084945 0.00046365
0.03707875 0.00046365
0.03707875 0.00046365
0.0269595 0.00046365
0.0269595 0.00046365
0.019541 0.00046365
0.019541 0.00046365
0.01411135 0.00046365
0.01411135 0.00046365
0.01014385 0.00046365
0.01014385 0.00046365
0.0072502 0.00046365
0.0072502 0.00046365
0.00513985 0.00046365
0.00513985 0.00046365
0.00360585 0.00046365
0.00360585 0.00046365
0.00249115 0.00046365
0.00249115 0.00046365
0.0016812 0.00046365
0.0016812 0.00046365
0.00109325 0.00046365
