 0.342467 0.342467 0.312008 0.31207 0.306519 0.260249 0.243507 0.241415 0.238754 0.236418 0.235623 0.236511 0.236322 0.236312 0.23631
 0.872067 0.872067 0.8064 0.806535 0.794398 0.693614 0.657033 0.652327 0.646581 0.641548 0.639855 0.641792 0.641387 0.641368 0.641363
 1.24846 1.24846 1.17429 1.17445 1.16053 1.04527 1.00323 0.997552 0.990945 0.98514 0.983129 0.98528 0.984811 0.984789 0.984786
 1.47078 1.47078 1.41663 1.41675 1.40625 1.31953 1.28744 1.28257 1.27744 1.27289 1.27114 1.2726 1.27222 1.2722 1.27221
 1.53368 1.53368 1.53106 1.53107 1.52976 1.51918 1.51399 1.51189 1.51086 1.50983 1.50907 1.50887 1.50877 1.50876 1.50878
 1.42814 1.42814 1.51219 1.51202 1.52638 1.64531 1.68591 1.68891 1.69501 1.70019 1.7014 1.69861 1.69901 1.69903 1.69906
 1.15463 1.15463 1.35908 1.35867 1.39538 1.69864 1.80504 1.81641 1.83295 1.84733 1.8518 1.84568 1.84685 1.84691 1.84695
 0.78365 0.78365 1.11062 1.10995 1.17233 1.68671 1.87371 1.8994 1.92843 1.95388 1.96275 1.95328 1.9554 1.95549 1.95555
 0.585713 0.585713 0.928834 0.928113 1.00583 1.64519 1.90145 1.95265 1.98974 2.02241 2.03451 2.02345 2.02622 2.02633 2.02639
 0.508635 0.508635 0.838081 0.837375 0.921494 1.61248 1.90841 1.97877 2.0198 2.05601 2.06979 2.05813 2.06121 2.06133 2.0614
 0.508636 0.508636 0.838215 0.837508 0.921631 1.61265 1.90849 1.97879 2.01981 2.056 2.06978 2.05812 2.06121 2.06133 2.06139
 0.585715 0.585715 0.929191 0.928469 1.0062 1.64563 1.90168 1.9527 1.98976 2.0224 2.03449 2.02344 2.02621 2.02633 2.02638
 0.783654 0.783654 1.11104 1.11037 1.17275 1.68724 1.87399 1.89949 1.92848 1.9539 1.96275 1.95329 1.9554 1.9555 1.95554
 1.15464 1.15464 1.35928 1.35887 1.3956 1.69896 1.80527 1.81654 1.83307 1.84743 1.85188 1.84575 1.84689 1.84694 1.84697
 1.42814 1.42814 1.51226 1.51209 1.52646 1.64552 1.68613 1.6891 1.69519 1.70036 1.70152 1.6987 1.69906 1.69908 1.69909
 1.53369 1.53368 1.53109 1.5311 1.52981 1.51937 1.51423 1.51212 1.51107 1.51002 1.50921 1.50897 1.50883 1.50882 1.50881
 1.47078 1.47078 1.41667 1.41678 1.40631 1.31973 1.2877 1.28282 1.27767 1.27309 1.27129 1.2727 1.27228 1.27226 1.27224
 1.24846 1.24846 1.17433 1.17449 1.16059 1.04546 1.00346 0.997783 0.991153 0.985325 0.983256 0.985365 0.984857 0.984835 0.984815
 0.872069 0.872069 0.806432 0.806567 0.794441 0.693759 0.657217 0.652505 0.64674 0.641689 0.639949 0.641854 0.64142 0.641401 0.641384
 0.342468 0.342468 0.312018 0.31208 0.306534 0.26031 0.243588 0.241495 0.238825 0.23648 0.235665 0.236538 0.236336 0.236327 0.236319
