0.106088 0.230558 0.263493 0.19839 0.02478 0.27087 0.69189 1.17083 1.439477 1.551525 1.551524 1.439475 1.170826 0.69188 0.27087 0.02479 0.19839 0.263493 0.23056 0.106089
0.106088 0.230558 0.263493 0.19839 0.02478 0.27087 0.69189 1.17083 1.439477 1.551525 1.551524 1.439475 1.170826 0.69188 0.27087 0.02478 0.19839 0.263493 0.23056 0.106089
0.075629 0.164891 0.189323 0.14424 0.02216 0.18682 0.48744 0.84386 1.096356 1.222079 1.221945 1.095999 0.84344 0.48724 0.18675 0.02219 0.14428 0.189363 0.164923 0.075639
0.075691 0.165026 0.189483 0.14436 0.02217 0.18699 0.48785 0.84453 1.097077 1.222785 1.222652 1.096721 0.84411 0.48765 0.18692 0.0222 0.14439 0.189523 0.165058 0.075701
0.07014 0.152889 0.175563 0.13386 0.02086 0.17263 0.45114 0.78215 1.01936 1.138666 1.138529 1.01899 0.78173 0.45092 0.17255 0.02091 0.13392 0.175623 0.152932 0.070155
0.02387 0.052105 0.060303 0.04714 0.01028 0.0537 0.14788 0.26777 0.38 0.44768 0.44751 0.37956 0.26724 0.14756 0.05349 0.01047 0.04734 0.060493 0.05225 0.023931
0.007128 0.015524 0.018263 0.01505 0.00509 0.0131 0.04148 0.08077 0.12374 0.15175 0.15167 0.12351 0.08049 0.04125 0.01288 0.00533 0.01531 0.018493 0.015708 0.007209
0.005036 0.010818 0.012585 0.01018 0.00299 0.0101 0.03011 0.05508 0.07254 0.08139 0.08137 0.07249 0.05499 0.02998 0.00991 0.00322 0.01043 0.012816 0.010996 0.005116
0.002375 0.005072 0.005978 0.00505 0.00196 0.004 0.01357 0.02605 0.03545 0.04036 0.04035 0.03543 0.026 0.01345 0.00382 0.00217 0.00528 0.006186 0.005231 0.002446
3.9e-05 3.9e-05 0.000173 0.0005 0.00093 0.00118 0.00081 0.0006 0.00278 0.00415 0.00416 0.00279 0.00058 0.00091 0.00135 0.00112 0.0007 0.000358 0.00018 0.000101
0.000756 0.001654 0.001838 0.00125 0.00017 0.00239 0.00528 0.00827 0.00932 0.00963 0.00962 0.0093 0.00827 0.00536 0.00251 0.00031 0.0011 0.001711 0.00156 0.000714
0.000132 0.000283 0.000313 0.00021 3e-05 0.0004 0.00084 0.0012 0.00174 0.00203 0.00204 0.00175 0.00119 0.00077 0.00031 7e-05 0.00031 0.000398 0.000345 0.000159
5.7e-05 0.000122 0.000156 0.00017 0.00013 0.0 0.00033 0.00092 0.00103 0.00105 0.00105 0.00102 0.00092 0.00037 5.00000000001e-05 7e-05 0.00011 0.00011 8.9e-05 4.3e-05
6.7e-05 0.000141 0.000178 0.00019 0.00014 2.00000000001e-05 0.00039 0.00101 0.00114 0.00117 0.00117 0.00114 0.00102 0.00042 7e-05 7.99999999999e-05 0.00013 0.000132 0.000108 5.2e-05
6.9e-05 0.000146 0.000181 0.00018 0.00012 5.00000000001e-05 0.00043 0.00107 0.0012 0.00124 0.00123 0.00119 0.00106 0.00045 8.00000000001e-05 8.99999999999e-05 0.00015 0.000152 0.000125 6e-05
